lstm/lstm_cell/kernel:0
(1, 320)
[[ 0.09145117 -0.07290673  0.10380988 -0.12396169  0.08298647  0.12086068
  -0.00393616  0.12568457  0.04342568 -0.10590345 -0.01916131  0.02840437
  -0.11103124 -0.11420625  0.10256357  0.12566985 -0.06976041 -0.00825582
   0.068786    0.09188762  0.09726042 -0.05419084  0.08939682 -0.00166777
   0.03733353 -0.05675562  0.12290572  0.00823197 -0.08653307  0.02289563
   0.10848606  0.00950931 -0.05513247 -0.11556755 -0.08841985 -0.04252353
  -0.02107293  0.05025619 -0.00308308  0.01029059  0.11381526 -0.04518518
  -0.1183461   0.09303829  0.03014781 -0.09444256 -0.07316877  0.07347283
   0.01345931  0.01132901 -0.09668148  0.05409798 -0.09767881 -0.04604444
   0.1286587  -0.10590263 -0.1304064   0.12274148  0.01957847 -0.03149333
  -0.09834494  0.06914403  0.10391954 -0.06287433  0.09241197  0.12635727
   0.02771817  0.04825774 -0.04088558 -0.05525973  0.05019218  0.12459059
   0.10069048 -0.02086556  0.07955904 -0.07170316 -0.1266722  -0.06017359
  -0.10883796 -0.10493079  0.00375088  0.03528775  0.1122251  -0.00048307
  -0.01892578 -0.0287273   0.08435273  0.03217132  0.07181399  0.13440315
  -0.02384897  0.11110029  0.00447148  0.04773007  0.04664186  0.13319851
  -0.13099816  0.10134426 -0.09829556 -0.0884382  -0.05785472  0.03735724
   0.03968243  0.13349207 -0.01758403 -0.02827823 -0.13409987 -0.04170201
  -0.01680147 -0.01425472  0.06415306  0.01317908  0.10848759 -0.09235378
  -0.02733774  0.06925926  0.1201499  -0.03448576  0.04819371 -0.023348
   0.00966397  0.02076408  0.04865687 -0.10124765 -0.01404744 -0.00737923
   0.09012422  0.09921923 -0.10978963  0.02518442  0.014185    0.12020154
  -0.09337195 -0.12543479  0.03741819  0.12424515  0.01860076 -0.07021816
   0.05901445  0.08110274 -0.12768146 -0.12108079  0.03227368  0.00916331
  -0.03015882  0.00820026  0.1043614  -0.05943983 -0.02288468 -0.08109623
   0.08140963  0.07907933  0.00928687  0.07097356 -0.10002608  0.00405203
   0.02251266  0.06455415  0.00054617 -0.1126774  -0.11516428 -0.06306994
   0.07942337 -0.02564608 -0.11223938  0.11302485  0.02065532 -0.04812347
   0.03961825  0.12936838 -0.0714762  -0.0546305  -0.00418159  0.05391201
   0.05614664  0.07539126  0.12838684 -0.02930214  0.08943462  0.13380302
   0.06483068  0.04729541  0.12681423 -0.12945716  0.11644615 -0.0736728
  -0.09849733 -0.05426656  0.12901346 -0.09202463 -0.0536798  -0.01618824
   0.0427528  -0.01105814  0.12633364 -0.03575733 -0.054928    0.09091243
   0.05912404  0.05538148  0.01229385  0.07264124  0.07180114  0.12178193
  -0.07461485 -0.00078334  0.06263533  0.12843655 -0.01879302  0.06562576
  -0.08607763 -0.01397749 -0.0531068   0.10305257 -0.07009696 -0.00421755
  -0.00410457 -0.08466659 -0.10169965  0.09755149  0.13292359 -0.11800648
  -0.12564419  0.017425    0.03639406 -0.12102072  0.03194973  0.11870609
  -0.13214244 -0.04239067 -0.02128761 -0.05142022  0.04287989 -0.13333274
  -0.10640621 -0.01186133 -0.06394126  0.08024307 -0.10954174  0.01410957
   0.09484904 -0.08528683  0.03648975  0.08741081  0.01668672  0.08072363
   0.03434598  0.06065908  0.05226052  0.09836832  0.12502362 -0.07403462
  -0.04319676  0.08966957 -0.11873506 -0.06769556 -0.10377011  0.04560354
   0.12441684 -0.06360102 -0.03809296 -0.10147898  0.04678443  0.06121033
   0.08049561 -0.03493813  0.06763852  0.01290087 -0.02820906 -0.00981757
  -0.06467356  0.01620851  0.05369526  0.08934121  0.10725839  0.08804806
   0.07096606 -0.12069821  0.00463107  0.02779219  0.12862183 -0.092661
  -0.09052594  0.13560201  0.10569696 -0.08649907 -0.01999062  0.09451695
  -0.09902477  0.00203526 -0.02843854 -0.08345005  0.10578053 -0.07564798
   0.08748388  0.01571482  0.04127292 -0.12001452  0.11441655 -0.08434927
  -0.10480836  0.11448435  0.122831    0.06393018 -0.04820193 -0.12076523
  -0.02425846 -0.1275637  -0.01708078  0.02156498 -0.06547154 -0.09543873
   0.01485376 -0.0601854  -0.01549848 -0.10062477 -0.06598277  0.01969351
  -0.04907309 -0.02649116]]
lstm/lstm_cell/recurrent_kernel:0
(80, 320)
[[-0.12271476  0.01793081  0.00746701 ... -0.00849263  0.08523161
  -0.09431341]
 [-0.08635987  0.04475951  0.096      ...  0.03493493 -0.00353573
  -0.00585408]
 [-0.02324225 -0.04776851 -0.05579019 ... -0.04659247 -0.00116955
  -0.01917194]
 ...
 [ 0.02954578 -0.04941075  0.05762619 ...  0.03209788  0.04676811
   0.04181727]
 [-0.01049756 -0.03552629 -0.01775325 ...  0.05036329  0.05408979
  -0.02246595]
 [ 0.02366179  0.11207628  0.07230892 ...  0.06995282 -0.02149937
   0.05749511]]
lstm/lstm_cell/bias:0
(320,)
[0. 0. 0. 0. 0. 0. 0. 0. 0. 0. 0. 0. 0. 0. 0. 0. 0. 0. 0. 0. 0. 0. 0. 0.
 0. 0. 0. 0. 0. 0. 0. 0. 0. 0. 0. 0. 0. 0. 0. 0. 0. 0. 0. 0. 0. 0. 0. 0.
 0. 0. 0. 0. 0. 0. 0. 0. 0. 0. 0. 0. 0. 0. 0. 0. 0. 0. 0. 0. 0. 0. 0. 0.
 0. 0. 0. 0. 0. 0. 0. 0. 1. 1. 1. 1. 1. 1. 1. 1. 1. 1. 1. 1. 1. 1. 1. 1.
 1. 1. 1. 1. 1. 1. 1. 1. 1. 1. 1. 1. 1. 1. 1. 1. 1. 1. 1. 1. 1. 1. 1. 1.
 1. 1. 1. 1. 1. 1. 1. 1. 1. 1. 1. 1. 1. 1. 1. 1. 1. 1. 1. 1. 1. 1. 1. 1.
 1. 1. 1. 1. 1. 1. 1. 1. 1. 1. 1. 1. 1. 1. 1. 1. 0. 0. 0. 0. 0. 0. 0. 0.
 0. 0. 0. 0. 0. 0. 0. 0. 0. 0. 0. 0. 0. 0. 0. 0. 0. 0. 0. 0. 0. 0. 0. 0.
 0. 0. 0. 0. 0. 0. 0. 0. 0. 0. 0. 0. 0. 0. 0. 0. 0. 0. 0. 0. 0. 0. 0. 0.
 0. 0. 0. 0. 0. 0. 0. 0. 0. 0. 0. 0. 0. 0. 0. 0. 0. 0. 0. 0. 0. 0. 0. 0.
 0. 0. 0. 0. 0. 0. 0. 0. 0. 0. 0. 0. 0. 0. 0. 0. 0. 0. 0. 0. 0. 0. 0. 0.
 0. 0. 0. 0. 0. 0. 0. 0. 0. 0. 0. 0. 0. 0. 0. 0. 0. 0. 0. 0. 0. 0. 0. 0.
 0. 0. 0. 0. 0. 0. 0. 0. 0. 0. 0. 0. 0. 0. 0. 0. 0. 0. 0. 0. 0. 0. 0. 0.
 0. 0. 0. 0. 0. 0. 0. 0.]
simple_rnn/simple_rnn_cell/kernel:0
(80, 100)
[[-0.09072591 -0.0724545   0.00342421 ...  0.1825597   0.11969191
   0.09383208]
 [ 0.01112364  0.0302141   0.01606867 ... -0.0169628  -0.09322017
   0.05172321]
 [-0.13466233  0.06501621 -0.08126335 ...  0.1259926  -0.06747042
   0.11006254]
 ...
 [ 0.02545284  0.00535208 -0.0756992  ...  0.03559268  0.14165363
  -0.12964392]
 [ 0.05437513 -0.11169518  0.03157133 ...  0.01278724  0.15681455
  -0.1373533 ]
 [ 0.09867644 -0.11762288 -0.13242882 ...  0.09548095  0.11585063
  -0.17737825]]
simple_rnn/simple_rnn_cell/recurrent_kernel:0
(100, 100)
[[-1.26502156e-01 -9.71468762e-02  9.19105560e-02 ... -4.53182161e-02
  -2.09593937e-01 -7.32167065e-02]
 [-2.00625658e-02 -5.83517551e-03 -3.09955422e-02 ...  1.11026704e-01
  -2.70354263e-02 -1.47940025e-01]
 [ 7.96573162e-02  7.31118098e-02 -4.50479984e-03 ... -9.54424962e-02
  -7.91952014e-02 -7.02447146e-02]
 ...
 [ 1.23695128e-01 -5.51846623e-02  3.78847606e-02 ...  6.90385103e-02
  -1.97628513e-03 -3.95998657e-02]
 [ 1.17210470e-01  8.07211399e-02  3.37542482e-02 ...  9.06361565e-02
  -4.20397744e-02 -6.77654445e-02]
 [-3.80143635e-02 -1.51907921e-01  1.16965987e-01 ... -1.02324411e-04
  -1.14670850e-01 -1.15909725e-02]]
simple_rnn/simple_rnn_cell/bias:0
(100,)
[0. 0. 0. 0. 0. 0. 0. 0. 0. 0. 0. 0. 0. 0. 0. 0. 0. 0. 0. 0. 0. 0. 0. 0.
 0. 0. 0. 0. 0. 0. 0. 0. 0. 0. 0. 0. 0. 0. 0. 0. 0. 0. 0. 0. 0. 0. 0. 0.
 0. 0. 0. 0. 0. 0. 0. 0. 0. 0. 0. 0. 0. 0. 0. 0. 0. 0. 0. 0. 0. 0. 0. 0.
 0. 0. 0. 0. 0. 0. 0. 0. 0. 0. 0. 0. 0. 0. 0. 0. 0. 0. 0. 0. 0. 0. 0. 0.
 0. 0. 0. 0.]
dense/kernel:0
(100, 1)
[[-0.19780008]
 [ 0.1251559 ]
 [-0.17207965]
 [-0.04181345]
 [-0.11594771]
 [ 0.0331741 ]
 [-0.14929393]
 [-0.23236844]
 [-0.09301646]
 [-0.10882609]
 [-0.15293148]
 [ 0.04983154]
 [ 0.1067197 ]
 [-0.10843012]
 [ 0.011933  ]
 [-0.1361391 ]
 [ 0.15726122]
 [-0.2168507 ]
 [-0.17148815]
 [-0.22657952]
 [ 0.17460027]
 [-0.16840899]
 [-0.17081076]
 [ 0.18841156]
 [ 0.06742597]
 [ 0.19679973]
 [ 0.21217567]
 [-0.17380199]
 [ 0.1973123 ]
 [ 0.20156571]
 [-0.1968333 ]
 [ 0.14506865]
 [ 0.05436039]
 [ 0.18588185]
 [ 0.21108115]
 [ 0.12843293]
 [-0.17655277]
 [ 0.03456602]
 [ 0.17438146]
 [ 0.24134558]
 [ 0.11695099]
 [ 0.2121295 ]
 [-0.19655931]
 [-0.08927682]
 [-0.18515308]
 [-0.22919363]
 [ 0.09372717]
 [-0.02638608]
 [ 0.10588416]
 [-0.17506212]
 [ 0.1808565 ]
 [ 0.10181668]
 [-0.19916958]
 [ 0.13828123]
 [ 0.19967932]
 [-0.0441667 ]
 [-0.20535655]
 [ 0.02178976]
 [ 0.01853257]
 [ 0.20063287]
 [ 0.03704137]
 [-0.00703754]
 [-0.06787691]
 [-0.16428286]
 [-0.16206564]
 [ 0.1874356 ]
 [-0.09643237]
 [-0.20108426]
 [ 0.00091693]
 [-0.162267  ]
 [ 0.11723211]
 [-0.20685041]
 [-0.2227409 ]
 [ 0.14939243]
 [ 0.03520164]
 [ 0.21369448]
 [-0.13472173]
 [ 0.24287257]
 [-0.06071635]
 [ 0.18739253]
 [ 0.08528766]
 [-0.08290383]
 [ 0.113278  ]
 [ 0.08470654]
 [-0.15210265]
 [-0.21291366]
 [-0.21849535]
 [-0.08387503]
 [-0.12240716]
 [ 0.1983496 ]
 [-0.04591036]
 [ 0.23206499]
 [ 0.21613798]
 [-0.22341336]
 [-0.23765685]
 [-0.0664303 ]
 [ 0.03219876]
 [-0.0177891 ]
 [-0.08104749]
 [ 0.1841    ]]
dense/bias:0
(1,)
[0.]
